L	0.0129	2.8368	1477010443000000	0.0000	2.7500	0.0000	1.0000
R	3.2664	1.5671	0.9125	1477010443400000	-0.0220	3.0991	-0.1097	0.9940
L	0.1294	3.6215	1477010443800000	-0.0938	3.4924	-0.2334	0.9724
R	3.9076	1.6177	0.9762	1477010444200000	-0.2143	3.8735	-0.3535	0.9354
L	-0.4306	4.3001	1477010444600000	-0.3817	4.2365	-0.4679	0.8838
R	4.1161	1.6907	0.9831	1477010445000000	-0.5932	4.5757	-0.5750	0.8181
L	-0.8092	4.8147	1477010445400000	-0.8456	4.8857	-0.6730	0.7396
R	4.7548	1.8280	0.8259	1477010445800000	-1.1348	5.1616	-0.7604	0.6494
L	-1.1745	5.2948	1477010446200000	-1.4564	5.3991	-0.8358	0.5490
R	6.0281	1.9185	0.3229	1477010446600000	-1.8051	5.5945	-0.8980	0.4399
L	-2.0548	5.6235	1477010447000000	-2.1756	5.7445	-0.9461	0.3239
R	6.6034	1.9869	0.5670	1477010447400000	-2.5620	5.8470	-0.9792	0.2028
L	-2.9386	5.7768	1477010447800000	-2.9582	5.9002	-0.9969	0.0785
R	7.4702	2.0768	0.3375	1477010448200000	-3.3579	5.9033	-0.9989	-0.0471
L	-3.6596	6.0008	1477010448600000	-3.7549	5.8563	-0.9851	-0.1719
R	7.0815	2.1775	0.5242	1477010449000000	-4.1429	5.7600	-0.9558	-0.2940
L	-4.3725	5.8798	1477010449400000	-4.5157	5.6157	-0.9114	-0.4115
R	7.2975	2.2906	0.2556	1477010449800000	-4.8675	5.4259	-0.8526	-0.5225
L	-5.1627	5.0937	1477010450200000	-5.1927	5.1935	-0.7804	-0.6252
R	7.5867	2.4026	-0.0612	1477010450600000	-5.4863	4.9222	-0.6959	-0.7181
L	-5.7677	4.6309	1477010451000000	-5.7435	4.6162	-0.6004	-0.7997
R	7.4472	2.5611	0.4849	1477010451400000	-5.9603	4.2804	-0.4955	-0.8686
L	-6.3388	3.5065	1477010451800000	-6.1333	3.9200	-0.3827	-0.9239
R	7.4659	2.6252	-0.4442	1477010452200000	-6.2599	3.5408	-0.2639	-0.9646
L	-6.3056	3.3972	1477010452600000	-6.3378	3.1487	-0.1409	-0.9900
R	6.8561	2.7515	-0.3990	1477010453000000	-6.3661	2.7500	-0.0157	-0.9999
L	-6.3345	2.1449	1477010453400000	-6.3441	2.3509	0.1097	-0.9940
R	6.6563	2.8606	-0.1166	1477010453800000	-6.2723	1.9576	0.2334	-0.9724
L	-5.9275	1.4297	1477010454200000	-6.1518	1.5765	0.3535	-0.9355
R	6.0052	2.9606	-0.5360	1477010454600000	-5.9844	1.2135	0.4679	-0.8838
L	-5.6712	0.7395	1477010455000000	-5.7729	0.8743	0.5750	-0.8182
R	5.0222	3.0929	-1.1591	1477010455400000	-5.5205	0.5643	0.6730	-0.7396
L	-5.2016	0.1749	1477010455800000	-5.2312	0.2884	0.7604	-0.6495
R	4.4456	3.1366	-0.7952	1477010456200000	-4.9097	0.0509	0.8358	-0.5490
L	-4.6825	-0.1183	1477010456600000	-4.5609	-0.1444	0.8980	-0.4400
R	4.1611	-3.0457	-0.8421	1477010457000000	-4.1904	-0.2945	0.9461	-0.3239
L	-3.7097	-0.2662	1477010457400000	-3.8040	-0.3970	0.9792	-0.2028
R	3.2497	-2.9800	-0.9565	1477010457800000	-3.4079	-0.4502	0.9969	-0.0785
L	-3.0621	-0.5580	1477010458200000	-3.0081	-0.4533	0.9989	0.0471
R	2.2711	-2.9182	-1.1443	1477010458600000	-2.6112	-0.4063	0.9851	0.1719
L	-2.1573	-0.2272	1477010459000000	-2.2232	-0.3100	0.9558	0.2940
R	2.4718	-3.0287	-0.6671	1477010459400000	-1.8504	-0.1657	0.9114	0.4115
L	-1.2996	-0.2106	1477010459800000	-1.4986	0.0241	0.8527	0.5225
R	0.7808	2.9272	-1.3399	1477010460200000	-1.1734	0.2565	0.7804	0.6252
L	-0.6950	0.3095	1477010460600000	-0.8798	0.5278	0.6959	0.7181
R	0.8467	2.2177	0.6131	1477010461000000	-0.6226	0.8338	0.6004	0.7997
L	-0.4550	1.0337	1477010461400000	-0.4058	1.1697	0.4955	0.8686
R	2.0290	1.6725	0.5897	1477010461800000	-0.2327	1.5300	0.3827	0.9239
L	-0.1646	1.9168	1477010462200000	-0.1062	1.9092	0.2639	0.9645
R	2.0036	1.5180	1.8521	1477010462600000	-0.0282	2.3013	0.1409	0.9900
L	0.0694	2.9968	1477010463000000	0.0000	2.7000	0.0157	0.9999
R	2.9634	1.5722	0.9734	1477010463400000	0.0110	3.0997	0.0785	0.9969
L	0.1001	3.4360	1477010463800000	0.0704	3.4949	0.2028	0.9792
R	3.9440	1.5315	0.9232	1477010464200000	0.1789	3.8797	0.3240	0.9461
L	0.1445	4.1035	1477010464600000	0.3348	4.2478	0.4400	0.8980
R	4.8388	1.4541	0.9832	1477010465000000	0.5356	4.5934	0.5491	0.8358
L	1.0317	4.8452	1477010465400000	0.7781	4.9112	0.6495	0.7604
R	5.3433	1.3659	0.6725	1477010465800000	1.0585	5.1961	0.7397	0.6730
L	1.7514	5.3160	1477010466200000	1.3724	5.4436	0.8182	0.5750
R	6.6210	1.2777	0.7542	1477010466600000	1.7149	5.6497	0.8838	0.4679
L	1.8770	5.5934	1477010467000000	2.0805	5.8114	0.9355	0.3534
R	6.2878	1.1432	1.1332	1477010467400000	2.4635	5.9259	0.9724	0.2334
L	2.7747	6.0489	1477010467800000	2.8578	5.9915	0.9940	0.1097
R	6.1861	1.0702	0.3808	1477010468200000	3.2572	6.0072	0.9999	-0.0157
L	3.7138	5.9976	1477010468600000	3.6555	5.9727	0.9900	-0.1409
R	6.9505	0.9549	0.1525	1477010469000000	4.0463	5.8886	0.9646	-0.2639
L	4.5975	5.6046	1477010469400000	4.4234	5.7562	0.9239	-0.3827
R	7.2978	0.7860	0.4594	1477010469800000	4.7810	5.5775	0.8686	-0.4955
L	4.9197	5.4457	1477010470200000	5.1134	5.3554	0.7997	-0.6004
R	7.5356	0.7623	-0.1874	1477010470600000	5.4153	5.0934	0.7181	-0.6959
L	5.4970	4.9108	1477010471000000	5.6820	4.7956	0.6252	-0.7804
R	7.5242	0.6509	-0.1985	1477010471400000	5.9093	4.4668	0.5225	-0.8527
L	6.2548	4.2570	1477010471800000	6.0936	4.1121	0.4115	-0.9114
R	7.2266	0.5131	-0.3791	1477010472200000	6.2319	3.7370	0.2940	-0.9558
L	6.3306	3.3919	1477010472600000	6.3222	3.3476	0.1719	-0.9851
R	6.6559	0.4084	-0.6690	1477010473000000	6.3629	2.9500	0.0471	-0.9989
L	6.2050	2.5044	1477010473400000	6.3535	2.5503	-0.0785	-0.9969
R	6.8905	0.2984	-0.8810	1477010473800000	6.2941	2.1550	-0.2028	-0.9792
L	6.0298	1.6301	1477010474200000	6.1856	1.7703	-0.3239	-0.9461
R	6.0820	0.2217	-0.5239	1477010474600000	6.0297	1.4022	-0.4400	-0.8980
L	5.7534	0.9350	1477010475000000	5.8289	1.0565	-0.5490	-0.8358
R	5.8514	0.1722	-0.7219	1477010475400000	5.5864	0.7388	-0.6495	-0.7604
L	5.3008	0.1038	1477010475800000	5.3060	0.4539	-0.7396	-0.6730
R	4.6984	0.0440	-0.8422	1477010476200000	4.9920	0.2064	-0.8182	-0.5750
L	4.5721	0.0821	1477010476600000	4.6496	0.0002	-0.8838	-0.4679
R	4.1128	-0.0317	-0.9859	1477010477000000	4.2840	-0.1614	-0.9354	-0.3535
L	3.7636	-0.4149	1477010477400000	3.9010	-0.2759	-0.9724	-0.2334
R	3.2575	-0.0864	-1.1460	1477010477800000	3.5067	-0.3416	-0.9940	-0.1097
L	3.0929	-0.5500	1477010478200000	3.1072	-0.3573	-0.9999	0.0157
R	2.6619	-0.0874	-0.9237	1477010478600000	2.7090	-0.3228	-0.9900	0.1409
L	2.4827	-0.3491	1477010479000000	2.3182	-0.2386	-0.9646	0.2639
R	2.1084	-0.0954	-1.0352	1477010479400000	1.9410	-0.1062	-0.9239	0.3827
L	1.6124	0.3352	1477010479800000	1.5835	0.0725	-0.8686	0.4955
R	1.3989	0.3032	-0.3634	1477010480200000	1.2511	0.2946	-0.7997	0.6004
L	1.1737	0.6191	1477010480600000	0.9492	0.5566	-0.7181	0.6959
R	1.1563	0.8702	0.4193	1477010481000000	0.6825	0.8543	-0.6252	0.7804
L	0.5905	1.1569	1477010481400000	0.4552	1.1832	-0.5225	0.8526
R	1.3531	1.4048	0.8738	1477010481800000	0.2709	1.5379	-0.4115	0.9114
L	0.2347	1.6930	1477010482200000	0.1326	1.9129	-0.2940	0.9558
R	2.0607	1.5580	1.0510	1477010482600000	0.0423	2.3024	-0.1719	0.9851
L	0.0456	2.6489	1477010483000000	0.0016	2.7000	-0.0471	0.9989
